       262800.00      934.37      -71.05       42.41
       313200.00      980.56      -68.48       46.73
       370800.00     1013.90      -57.09       42.33
       439200.00     1047.98      -50.51       50.64
       522000.00     1073.17      -58.24       57.49
       619200.00     1085.57      -75.59       53.31
       738000.00     1095.87     -110.98       56.90
       878400.00     1099.94     -156.60       58.38
      1044000.00     1095.44     -186.50       62.73
      1242000.00     1094.69     -218.61       55.94
      1476000.00     1141.32     -214.67       63.08
      1756800.00     1173.94     -246.84       57.71
      2088000.00     1157.33     -267.30       72.79
      2484000.00     1165.94     -310.31       70.68
      2955600.00     1208.50     -337.64       78.01
      3513600.00     1273.02     -313.86       89.64
      4179600.00     1269.04     -313.99      127.11
      4971600.00     1257.40     -380.00      150.55
      5911200.00     1184.44     -449.05      239.64
      7030800.00     1159.52     -342.84      272.57
