       262800.00      949.78      -82.52       56.57
       313200.00     1003.38      -71.45       59.13
       370800.00     1038.11      -52.76       53.83
       439200.00     1067.94      -50.16       60.93
       522000.00     1096.36      -59.74       62.76
       619200.00     1100.10      -75.51       66.36
       738000.00     1108.41     -112.85       69.11
       878400.00     1105.21     -151.46       69.81
      1044000.00     1100.93     -180.19       74.58
      1242000.00     1093.98     -206.32       65.39
      1476000.00     1137.24     -200.11       71.39
      1756800.00     1185.78     -233.87       65.55
      2088000.00     1187.04     -264.90       91.33
      2484000.00     1201.51     -309.45       98.76
      2955600.00     1234.62     -351.23      102.19
      3513600.00     1300.85     -312.07      109.35
      4179600.00     1289.39     -337.13      153.19
      4971600.00     1289.74     -425.90      206.31
      5911200.00     1231.99     -487.57      266.44
      7030800.00     1180.88     -361.46      352.46
