       262800.00      967.35      -56.12      111.90
       313200.00     1021.10      -47.70       95.87
       370800.00     1061.45      -53.76       78.57
       439200.00     1089.30      -58.97       87.08
       522000.00     1098.45      -62.06       97.50
       619200.00     1107.35      -78.61      119.32
       738000.00     1106.27     -104.40      117.26
       878400.00     1141.52     -128.00      116.10
      1044000.00     1112.63     -164.76      118.96
      1242000.00     1105.51     -205.71      109.63
      1476000.00     1174.70     -176.23      122.85
      1756800.00     1243.88     -232.74      104.57
      2088000.00     1253.24     -279.30      167.90
      2484000.00     1304.00     -357.76      217.27
      2955600.00     1311.81     -416.38      296.63
      3513600.00     1331.70     -323.79      263.02
      4179600.00     1309.70     -361.55      378.93
      4971600.00     1311.81     -483.43      447.35
      5911200.00     1182.98     -542.35      556.87
      7030800.00     1058.93     -305.72      755.87
